1274667249 2789153677 35498097
1119124697 1423189114 4201717
1775973674 127038866 409949870
2636872711 677641697 238584014
998550357 2708616519 80537158
1613168083 3037802277 162805591
1123326414 2618446916 90169603
2516959328 2034731526 119913383
3879305887 3993605604 147788774
1213496017 2616229293 2217623
3412445194 3202949622 62545934
2875456725 2194682091 362593593
1079087515 2154644909 40037182
2468026227 3426058027 48933101
0 1427390831 607340695
2185923544 0 127038866
1310165346 916225711 76820908
2312962410 993046619 155063817
607340695 1369464790 53724324
1389328008 536988736 140652961
1386986254 3200607868 2341754
4241108893 3701026057 53858403
661065019 2824651774 213150503
1529980969 3342870913 83187114
921175000 3265495556 77375357
874215522 1148110436 46959478
4180667579 3914761609 60441314
3238050318 1195069914 174394876
3701026057 3754884460 159877149
4027094661 4141394378 153572918
3860903206 3975202923 18402681
1215713640 2557275684 58953609