1711282888 1572780528 87721767
154126417 0 43277112
950353983 1343526858 179094373
2607445049 2714989532 110883165
197403529 400138402 104876963
302280492 43277112 202734873
2990325458 1942480091 22763517
2203652414 1550069916 22710612
3347561974 4075093920 130901113
1328424170 3514387681 17133869
3187047160 4220120429 74846867
3555672228 4205995033 676520
555737175 2292503071 178861674
936905107 4206671553 13448876
2718328214 2825872697 25755942
2042629442 945726244 118907923
2161537365 3027858084 42115049
1657501024 1888698227 53781864
2943656210 3804007444 46669248
2226363026 2004226072 108596129
0 246011985 154126417
734598849 2928837780 99020304
833619153 1660502295 103285954
2744084156 3436875901 77511780
1299692440 2112822201 28731730
2821595936 782812975 122060274
1799004655 2471364745 95185072
3082783503 1965243608 38982464
2334959155 3531521550 272485894
3121765967 2227221878 65281193
1392230801 3850676692 224417228
3013088975 528288490 69694528
1616648029 904873249 40852995
1345558039 3069973133 46672762
3681258726 1064634167 278892691
1894189727 2566549817 148439715
1129448356 597983018 170244084
3261894027 2141553931 85667947
3478463087 2851628639 77209141
3556348748 1763788249 124909978
4280381423 768227102 14585873
528288490 1522621231 27448685
3960151417 3116645895 320230006