513693437 1166448955 406316429
3977989337 1831898517 148449061
2857616419 1749713256 55966993
2245899978 767737007 398711948
3462028551 3402487827 258322330
1207747701 2246116788 274586148
1857449833 2520702936 106524473
950443356 290304833 224196260
2913583412 1805680249 26218268
290304833 3849361293 119346889
3720350881 3244527156 157960671
920009866 1634093064 30433490
409651722 2627227409 104041715
3916661657 1572765384 61327680
1624788708 2115889182 130227606
1963974306 3695907849 9066861
1755016314 1980347578 102433519
1973041167 3151152620 93374536
1482333849 710468850 57268157
2644611926 2899798022 213004493
1539602006 1664526554 85186702
2210802286 3660810157 35097692
3135769437 3968708182 326259114
1174639616 2082781097 33108085
3878311552 3112802515 38350105
2066415703 3704974710 144386583
2939801680 514501093 195967757
4126438398 2731269124 168528898