2401309547 2063893326 5931150
4081820678 1536756293 195703517
3389837279 4114880485 97950323
67647704 537880870 95615044
3487787602 2069824476 16209316
212366581 0 210367924
0 470233166 67647704
163262748 331958016 49103833
3921228390 3754997923 26024946
1883070873 986328296 29590327
1844673227 4256569650 38397646
422734505 381061849 89171317
3835004067 4212830808 43738842
1753523088 1732459810 63479835
4277524195 3781022869 17443101
926010074 3798465970 316414515
511905822 210367924 31838014
3565158997 3485152853 269845070
3878742909 776643827 42485481
3352296690 1795939645 37540589
2877358153 2512426556 474938537
1419995251 1068661114 304321846
1348461498 705110074 71533753
1724317097 1372982960 29205991
1974916783 2086033792 426392764
2407240697 3015035397 470117456
1242424589 880291387 106036909
642854491 1833480234 230413092
3503996918 819129308 61162079
543743836 242205938 89752078
873267583 1015918623 52742491
1817002923 2987365093 27670304
1912661200 642854491 62255583
3947253336 1402188951 134567342