3346671099 2139469351 253535694
3600206793 4187771498 107195798
1271601308 936374322 163567625
3890528820 1799438963 144160054
1731948725 3256631615 148580525
3859991790 2573461247 250171
389304550 1099941947 124474859
2322259245 1445947039 39679535
1544278612 1943599017 46211136
1124738947 789511961 146862361
3860946526 2109887057 29582294
891137223 173339870 233601724
3044858977 1485626574 301812122
627354019 0 173339870
800693889 1224416806 90443334
4046689141 2034661517 75225540
4166766045 4059570247 128201251
0 1314860140 120308793
4034688874 1787438696 12000267
2294392242 2393005045 27867003
2361938780 2573711418 682920197
4121914681 1989810153 44851364
1674653431 3705039670 14123300
1445242474 3719162970 99036138
513779409 406941594 113574610
3707402591 2420872048 152589199
2053021103 3818199108 241371139
3860241961 1445242474 704565
1880529250 3489375823 172491853
1688776731 3661867676 43171994
120308793 520516204 268995757
1590489748 3405212140 84163683